{
    "name": "1v1 (or shared)", "creator": "Pwn4two",
	"version": "1",
	"date": "2015/10/11",
	"description": "A map for 1v1 or shared team play.",
    "planets": [
        {
            "name": "Persephone",
            "mass": 10000,
            "position_x": 95700,
            "position_y": -11300,
            "velocity_x": 8.446669578552246,
            "velocity_y": 71.53508758544922,
            "required_thrust_to_move": 0,
            "starting_planet": true,
            "respawn": false,
            "start_destroyed": false,
            "min_spawn_delay": 0,
            "max_spawn_delay": 0,
            "planet": {
                "seed": 1044333696,
                "radius": 500,
                "heightRange": 0,
                "waterHeight": 70,
                "waterDepth": 100,
                "temperature": 100,
                "metalDensity": 0,
                "metalClusters": 0,
                "metalSpotLimit": -1,
                "biomeScale": 50,
                "biome": "earth",
                "symmetryType": "terrain and CSG",
                "symmetricalMetal": true,
                "symmetricalStarts": true,
                "numArmies": 2,
                "landingZonesPerArmy": 0,
                "landingZoneSize": 0
            },
            "source": {
                "brushes": [
                    {
                        "weight": [
                            1,
                            1,
                            1,
                            1
                        ],
                        "spec": "/pa/terrain/jungle/brushes/jungle_volcano_06.json",
                        "proj": "BP_Bend",
                        "transform": [
                            0.41784220933914185,
                            0.8387383222579956,
                            0.34917891025543213,
                            175.57704162597656,
                            0.8387383222579956,
                            -0.2084043025970459,
                            -0.5030761957168579,
                            -252.96095275878906,
                            -0.34917891025543213,
                            0.5030761957168579,
                            -0.7905621528625488,
                            -397.51702880859375
                        ],
                        "op": "BO_Add",
                        "rotation": 0,
                        "scale": [
                            1,
                            1,
                            1
                        ],
                        "height": 502.82830810546875,
                        "position": [
                            175.57708740234375,
                            -252.96099853515625,
                            -397.5169677734375
                        ],
                        "weightHard": false,
                        "weightScale": [
                            1,
                            1,
                            1
                        ],
                        "mirrored": false,
                        "twinId": 2,
                        "flooded": false,
                        "pathable": false,
                        "mergeable": false,
                        "no_features": false
                    },
                    {
                        "weight": [
                            1,
                            1,
                            1,
                            1
                        ],
                        "spec": "/pa/terrain/jungle/brushes/jungle_volcano_06.json",
                        "proj": "BP_Bend",
                        "transform": [
                            0.41784220933914185,
                            0.8387383222579956,
                            0.34917891025543213,
                            175.57704162597656,
                            0.8387383222579956,
                            -0.2084043025970459,
                            -0.5030761957168579,
                            -252.96095275878906,
                            0.34917891025543213,
                            -0.5030761957168579,
                            0.7905621528625488,
                            397.51702880859375
                        ],
                        "op": "BO_Add",
                        "rotation": 0,
                        "scale": [
                            1,
                            1,
                            1
                        ],
                        "height": 502.82830810546875,
                        "position": [
                            175.57708740234375,
                            -252.96099853515625,
                            -397.5169677734375
                        ],
                        "weightHard": false,
                        "weightScale": [
                            1,
                            1,
                            1
                        ],
                        "mirrored": true,
                        "twinId": 2,
                        "flooded": false,
                        "pathable": false,
                        "mergeable": false,
                        "no_features": false
                    },
                    {
                        "weight": [
                            1,
                            1,
                            1,
                            1
                        ],
                        "spec": "/pa/terrain/jungle/brushes/jungle_volcano_06.json",
                        "proj": "BP_Bend",
                        "transform": [
                            -0.2041088342666626,
                            0.8348097205162048,
                            0.5113047361373901,
                            257.0856628417969,
                            0.8348097205162048,
                            0.4212256669998169,
                            -0.3544880449771881,
                            -178.23773193359375,
                            -0.5113047361373901,
                            0.3544880449771881,
                            -0.7828831672668457,
                            -393.63616943359375
                        ],
                        "op": "BO_Add",
                        "rotation": 0,
                        "scale": [
                            1,
                            1,
                            1
                        ],
                        "height": 502.80322265625,
                        "position": [
                            257.08563232421875,
                            -178.23770141601562,
                            -393.6361083984375
                        ],
                        "weightHard": false,
                        "weightScale": [
                            1,
                            1,
                            1
                        ],
                        "mirrored": false,
                        "twinId": 4,
                        "flooded": false,
                        "pathable": false,
                        "mergeable": false,
                        "no_features": false
                    },
                    {
                        "weight": [
                            1,
                            1,
                            1,
                            1
                        ],
                        "spec": "/pa/terrain/jungle/brushes/jungle_volcano_06.json",
                        "proj": "BP_Bend",
                        "transform": [
                            -0.2041088342666626,
                            0.8348097205162048,
                            0.5113047361373901,
                            257.0856628417969,
                            0.8348097205162048,
                            0.4212256669998169,
                            -0.3544880449771881,
                            -178.23773193359375,
                            0.5113047361373901,
                            -0.3544880449771881,
                            0.7828831672668457,
                            393.63616943359375
                        ],
                        "op": "BO_Add",
                        "rotation": 0,
                        "scale": [
                            1,
                            1,
                            1
                        ],
                        "height": 502.80322265625,
                        "position": [
                            257.08563232421875,
                            -178.23770141601562,
                            -393.6361083984375
                        ],
                        "weightHard": false,
                        "weightScale": [
                            1,
                            1,
                            1
                        ],
                        "mirrored": true,
                        "twinId": 4,
                        "flooded": false,
                        "pathable": false,
                        "mergeable": false,
                        "no_features": false
                    },
                    {
                        "weight": [
                            1,
                            1,
                            1,
                            1
                        ],
                        "spec": "/pa/terrain/jungle/brushes/jungle_volcano_06.json",
                        "proj": "BP_Bend",
                        "transform": [
                            -0.5738555192947388,
                            0.5038754940032959,
                            0.6456002593040466,
                            324.5978088378906,
                            0.5038754940032959,
                            0.8386824727058411,
                            -0.20669123530387878,
                            -103.92115020751953,
                            -0.6456002593040466,
                            0.20669123530387878,
                            -0.7351729869842529,
                            -369.63360595703125
                        ],
                        "op": "BO_Add",
                        "rotation": 0,
                        "scale": [
                            1,
                            1,
                            1
                        ],
                        "height": 502.7845153808594,
                        "position": [
                            324.5977783203125,
                            -103.92113494873047,
                            -369.633544921875
                        ],
                        "weightHard": false,
                        "weightScale": [
                            1,
                            1,
                            1
                        ],
                        "mirrored": false,
                        "twinId": 5,
                        "flooded": false,
                        "pathable": false,
                        "mergeable": false,
                        "no_features": false
                    },
                    {
                        "weight": [
                            1,
                            1,
                            1,
                            1
                        ],
                        "spec": "/pa/terrain/jungle/brushes/jungle_volcano_06.json",
                        "proj": "BP_Bend",
                        "transform": [
                            -0.5738555192947388,
                            0.5038754940032959,
                            0.6456002593040466,
                            324.5978088378906,
                            0.5038754940032959,
                            0.8386824727058411,
                            -0.20669123530387878,
                            -103.92115020751953,
                            0.6456002593040466,
                            -0.20669123530387878,
                            0.7351729869842529,
                            369.63360595703125
                        ],
                        "op": "BO_Add",
                        "rotation": 0,
                        "scale": [
                            1,
                            1,
                            1
                        ],
                        "height": 502.7845153808594,
                        "position": [
                            324.5977783203125,
                            -103.92113494873047,
                            -369.633544921875
                        ],
                        "weightHard": false,
                        "weightScale": [
                            1,
                            1,
                            1
                        ],
                        "mirrored": true,
                        "twinId": 5,
                        "flooded": false,
                        "pathable": false,
                        "mergeable": false,
                        "no_features": false
                    },
                    {
                        "weight": [
                            1,
                            1,
                            1,
                            1
                        ],
                        "spec": "/pa/terrain/jungle/brushes/jungle_volcano_06.json",
                        "proj": "BP_Bend",
                        "transform": [
                            -0.6975162029266357,
                            -0.041888751089572906,
                            0.7153434753417969,
                            359.7355651855469,
                            -0.041888751089572906,
                            0.9989663362503052,
                            0.017652170732617378,
                            8.877013206481934,
                            -0.7153434753417969,
                            -0.017652170732617378,
                            -0.6985498666763306,
                            -351.2903137207031
                        ],
                        "op": "BO_Add",
                        "rotation": 0,
                        "scale": [
                            1,
                            1,
                            1
                        ],
                        "height": 502.8851013183594,
                        "position": [
                            359.735595703125,
                            8.87701416015625,
                            -351.2904052734375
                        ],
                        "weightHard": false,
                        "weightScale": [
                            1,
                            1,
                            1
                        ],
                        "mirrored": false,
                        "twinId": 6,
                        "flooded": false,
                        "pathable": false,
                        "mergeable": false,
                        "no_features": false
                    },
                    {
                        "weight": [
                            1,
                            1,
                            1,
                            1
                        ],
                        "spec": "/pa/terrain/jungle/brushes/jungle_volcano_06.json",
                        "proj": "BP_Bend",
                        "transform": [
                            -0.6975162029266357,
                            -0.041888751089572906,
                            0.7153434753417969,
                            359.7355651855469,
                            -0.041888751089572906,
                            0.9989663362503052,
                            0.017652170732617378,
                            8.877012252807617,
                            0.7153434753417969,
                            0.017652170732617378,
                            0.6985498666763306,
                            351.2903137207031
                        ],
                        "op": "BO_Add",
                        "rotation": 0,
                        "scale": [
                            1,
                            1,
                            1
                        ],
                        "height": 502.8851013183594,
                        "position": [
                            359.735595703125,
                            8.87701416015625,
                            -351.2904052734375
                        ],
                        "weightHard": false,
                        "weightScale": [
                            1,
                            1,
                            1
                        ],
                        "mirrored": true,
                        "twinId": 6,
                        "flooded": false,
                        "pathable": false,
                        "mergeable": false,
                        "no_features": false
                    },
                    {
                        "weight": [
                            1,
                            1,
                            1,
                            1
                        ],
                        "spec": "/pa/terrain/jungle/brushes/jungle_volcano_06.json",
                        "proj": "BP_Bend",
                        "transform": [
                            -0.49845218658447266,
                            -0.35164111852645874,
                            0.7923975586891174,
                            398.3974304199219,
                            -0.35164111852645874,
                            0.9174805283546448,
                            0.1859515905380249,
                            93.49175262451172,
                            -0.7923975586891174,
                            -0.1859515905380249,
                            -0.5809717178344727,
                            -292.0978698730469
                        ],
                        "op": "BO_Add",
                        "rotation": 0,
                        "scale": [
                            1,
                            1,
                            1
                        ],
                        "height": 502.7746887207031,
                        "position": [
                            398.3974609375,
                            93.49176025390625,
                            -292.09783935546875
                        ],
                        "weightHard": false,
                        "weightScale": [
                            1,
                            1,
                            1
                        ],
                        "mirrored": false,
                        "twinId": 7,
                        "flooded": false,
                        "pathable": false,
                        "mergeable": false,
                        "no_features": false
                    },
                    {
                        "weight": [
                            1,
                            1,
                            1,
                            1
                        ],
                        "spec": "/pa/terrain/jungle/brushes/jungle_volcano_06.json",
                        "proj": "BP_Bend",
                        "transform": [
                            -0.49845218658447266,
                            -0.35164111852645874,
                            0.7923975586891174,
                            398.3974304199219,
                            -0.35164111852645874,
                            0.9174805283546448,
                            0.1859515905380249,
                            93.49175262451172,
                            0.7923975586891174,
                            0.1859515905380249,
                            0.5809717178344727,
                            292.0978698730469
                        ],
                        "op": "BO_Add",
                        "rotation": 0,
                        "scale": [
                            1,
                            1,
                            1
                        ],
                        "height": 502.7746887207031,
                        "position": [
                            398.3974609375,
                            93.49176025390625,
                            -292.09783935546875
                        ],
                        "weightHard": false,
                        "weightScale": [
                            1,
                            1,
                            1
                        ],
                        "mirrored": true,
                        "twinId": 7,
                        "flooded": false,
                        "pathable": false,
                        "mergeable": false,
                        "no_features": false
                    },
                    {
                        "weight": [
                            1,
                            1,
                            1,
                            1
                        ],
                        "spec": "/pa/terrain/jungle/brushes/jungle_volcano_06.json",
                        "proj": "BP_Bend",
                        "transform": [
                            -0.19263017177581787,
                            -0.5048775672912598,
                            0.8414227366447449,
                            423.0590515136719,
                            -0.5048775672912598,
                            0.7862695455551147,
                            0.3562004864215851,
                            179.09408569335938,
                            -0.8414227366447449,
                            -0.3562004864215851,
                            -0.4063606262207031,
                            -204.31411743164062
                        ],
                        "op": "BO_Add",
                        "rotation": 0,
                        "scale": [
                            1,
                            1,
                            1
                        ],
                        "height": 502.7901306152344,
                        "position": [
                            423.05908203125,
                            179.0941162109375,
                            -204.31407165527344
                        ],
                        "weightHard": false,
                        "weightScale": [
                            1,
                            1,
                            1
                        ],
                        "mirrored": false,
                        "twinId": 8,
                        "flooded": false,
                        "pathable": false,
                        "mergeable": false,
                        "no_features": false
                    },
                    {
                        "weight": [
                            1,
                            1,
                            1,
                            1
                        ],
                        "spec": "/pa/terrain/jungle/brushes/jungle_volcano_06.json",
                        "proj": "BP_Bend",
                        "transform": [
                            -0.19263017177581787,
                            -0.5048775672912598,
                            0.8414227366447449,
                            423.05908203125,
                            -0.5048775672912598,
                            0.7862695455551147,
                            0.3562004864215851,
                            179.09408569335938,
                            0.8414227366447449,
                            0.3562004864215851,
                            0.4063606262207031,
                            204.3141326904297
                        ],
                        "op": "BO_Add",
                        "rotation": 0,
                        "scale": [
                            1,
                            1,
                            1
                        ],
                        "height": 502.7901306152344,
                        "position": [
                            423.05908203125,
                            179.0941162109375,
                            -204.31407165527344
                        ],
                        "weightHard": false,
                        "weightScale": [
                            1,
                            1,
                            1
                        ],
                        "mirrored": true,
                        "twinId": 8,
                        "flooded": false,
                        "pathable": false,
                        "mergeable": false,
                        "no_features": false
                    },
                    {
                        "weight": [
                            1,
                            1,
                            1,
                            1
                        ],
                        "spec": "/pa/terrain/jungle/brushes/jungle_volcano_06.json",
                        "proj": "BP_Bend",
                        "transform": [
                            0.03619498014450073,
                            -0.4842901825904846,
                            0.8741585612297058,
                            439.44970703125,
                            -0.4842901825904846,
                            0.7566551566123962,
                            0.4392448663711548,
                            220.8135223388672,
                            -0.8741585612297058,
                            -0.4392448663711548,
                            -0.20714986324310303,
                            -104.13665008544922
                        ],
                        "op": "BO_Add",
                        "rotation": 0,
                        "scale": [
                            1,
                            1,
                            1
                        ],
                        "height": 502.711669921875,
                        "position": [
                            439.44964599609375,
                            220.8134765625,
                            -104.1365966796875
                        ],
                        "weightHard": false,
                        "weightScale": [
                            1,
                            1,
                            1
                        ],
                        "mirrored": false,
                        "twinId": 9,
                        "flooded": false,
                        "pathable": false,
                        "mergeable": false,
                        "no_features": false
                    },
                    {
                        "weight": [
                            1,
                            1,
                            1,
                            1
                        ],
                        "spec": "/pa/terrain/jungle/brushes/jungle_volcano_06.json",
                        "proj": "BP_Bend",
                        "transform": [
                            0.03619498014450073,
                            -0.4842901825904846,
                            0.8741585612297058,
                            439.4497375488281,
                            -0.4842901825904846,
                            0.7566551566123962,
                            0.4392448663711548,
                            220.81353759765625,
                            0.8741585612297058,
                            0.4392448663711548,
                            0.20714986324310303,
                            104.13665008544922
                        ],
                        "op": "BO_Add",
                        "rotation": 0,
                        "scale": [
                            1,
                            1,
                            1
                        ],
                        "height": 502.711669921875,
                        "position": [
                            439.44964599609375,
                            220.8134765625,
                            -104.1365966796875
                        ],
                        "weightHard": false,
                        "weightScale": [
                            1,
                            1,
                            1
                        ],
                        "mirrored": true,
                        "twinId": 9,
                        "flooded": false,
                        "pathable": false,
                        "mergeable": false,
                        "no_features": false
                    },
                    {
                        "weight": [
                            1,
                            1,
                            1,
                            1
                        ],
                        "spec": "/pa/terrain/jungle/brushes/jungle_volcano_06.json",
                        "proj": "BP_Bend",
                        "transform": [
                            0.21270114183425903,
                            -0.4632861316204071,
                            0.8603046536445618,
                            432.6312255859375,
                            -0.4632861316204071,
                            0.7273792028427124,
                            0.5062463879585266,
                            254.58189392089844,
                            -0.8603046536445618,
                            -0.5062463879585266,
                            -0.05991959571838379,
                            -30.132450103759766
                        ],
                        "op": "BO_Add",
                        "rotation": 0,
                        "scale": [
                            1,
                            1,
                            1
                        ],
                        "height": 502.88140869140625,
                        "position": [
                            432.6312255859375,
                            254.5819091796875,
                            -30.132522583007812
                        ],
                        "weightHard": false,
                        "weightScale": [
                            1,
                            1,
                            1
                        ],
                        "mirrored": false,
                        "twinId": 10,
                        "flooded": false,
                        "pathable": false,
                        "mergeable": false,
                        "no_features": false
                    },
                    {
                        "weight": [
                            1,
                            1,
                            1,
                            1
                        ],
                        "spec": "/pa/terrain/jungle/brushes/jungle_volcano_06.json",
                        "proj": "BP_Bend",
                        "transform": [
                            0.21270114183425903,
                            -0.4632861316204071,
                            0.8603046536445618,
                            432.6312561035156,
                            -0.4632861316204071,
                            0.7273792028427124,
                            0.5062463879585266,
                            254.5819091796875,
                            0.8603046536445618,
                            0.5062463879585266,
                            0.05991959571838379,
                            30.1324520111084
                        ],
                        "op": "BO_Add",
                        "rotation": 0,
                        "scale": [
                            1,
                            1,
                            1
                        ],
                        "height": 502.88140869140625,
                        "position": [
                            432.6312255859375,
                            254.5819091796875,
                            -30.132522583007812
                        ],
                        "weightHard": false,
                        "weightScale": [
                            1,
                            1,
                            1
                        ],
                        "mirrored": true,
                        "twinId": 10,
                        "flooded": false,
                        "pathable": false,
                        "mergeable": false,
                        "no_features": false
                    },
                    {
                        "weight": [
                            1,
                            1,
                            1,
                            1
                        ],
                        "spec": "/pa/terrain/jungle/brushes/jungle_volcano_06.json",
                        "proj": "BP_Bend",
                        "transform": [
                            0.9163166284561157,
                            0.37628841400146484,
                            0.1370067149400711,
                            68.88590240478516,
                            0.37628841400146484,
                            -0.6920087337493896,
                            -0.6160608530044556,
                            -309.7505798339844,
                            -0.1370067149400711,
                            0.6160608530044556,
                            -0.7756921052932739,
                            -390.0119323730469
                        ],
                        "op": "BO_Add",
                        "rotation": 0,
                        "scale": [
                            1,
                            1,
                            1
                        ],
                        "height": 502.79217529296875,
                        "position": [
                            68.88592529296875,
                            -309.75067138671875,
                            -390.0118408203125
                        ],
                        "weightHard": false,
                        "weightScale": [
                            1,
                            1,
                            1
                        ],
                        "mirrored": false,
                        "twinId": 11,
                        "flooded": false,
                        "pathable": false,
                        "mergeable": false,
                        "no_features": false
                    },
                    {
                        "weight": [
                            1,
                            1,
                            1,
                            1
                        ],
                        "spec": "/pa/terrain/jungle/brushes/jungle_volcano_06.json",
                        "proj": "BP_Bend",
                        "transform": [
                            0.9163166284561157,
                            0.37628841400146484,
                            0.1370067149400711,
                            68.88590240478516,
                            0.37628841400146484,
                            -0.6920087337493896,
                            -0.6160608530044556,
                            -309.7505798339844,
                            0.1370067149400711,
                            -0.6160608530044556,
                            0.7756921052932739,
                            390.01190185546875
                        ],
                        "op": "BO_Add",
                        "rotation": 0,
                        "scale": [
                            1,
                            1,
                            1
                        ],
                        "height": 502.79217529296875,
                        "position": [
                            68.88592529296875,
                            -309.75067138671875,
                            -390.0118408203125
                        ],
                        "weightHard": false,
                        "weightScale": [
                            1,
                            1,
                            1
                        ],
                        "mirrored": true,
                        "twinId": 11,
                        "flooded": false,
                        "pathable": false,
                        "mergeable": false,
                        "no_features": false
                    },
                    {
                        "weight": [
                            1,
                            1,
                            1,
                            1
                        ],
                        "spec": "/pa/terrain/jungle/brushes/jungle_volcano_06.json",
                        "proj": "BP_Bend",
                        "transform": [
                            0.9702036380767822,
                            -0.22412344813346863,
                            -0.09205219149589539,
                            -46.2857666015625,
                            -0.22412344813346863,
                            -0.6858196258544922,
                            -0.6924014091491699,
                            -348.1539001464844,
                            0.09205219149589539,
                            0.6924014091491699,
                            -0.71561598777771,
                            -359.82666015625
                        ],
                        "op": "BO_Add",
                        "rotation": 0,
                        "scale": [
                            1,
                            1,
                            1
                        ],
                        "height": 502.8208923339844,
                        "position": [
                            -46.2857666015625,
                            -348.1539306640625,
                            -359.8267822265625
                        ],
                        "weightHard": false,
                        "weightScale": [
                            1,
                            1,
                            1
                        ],
                        "mirrored": false,
                        "twinId": 12,
                        "flooded": false,
                        "pathable": false,
                        "mergeable": false,
                        "no_features": false
                    },
                    {
                        "weight": [
                            1,
                            1,
                            1,
                            1
                        ],
                        "spec": "/pa/terrain/jungle/brushes/jungle_volcano_06.json",
                        "proj": "BP_Bend",
                        "transform": [
                            0.9702036380767822,
                            -0.22412344813346863,
                            -0.09205219149589539,
                            -46.285762786865234,
                            -0.22412344813346863,
                            -0.6858196258544922,
                            -0.6924014091491699,
                            -348.1539001464844,
                            -0.09205219149589539,
                            -0.6924014091491699,
                            0.71561598777771,
                            359.8266296386719
                        ],
                        "op": "BO_Add",
                        "rotation": 0,
                        "scale": [
                            1,
                            1,
                            1
                        ],
                        "height": 502.8208923339844,
                        "position": [
                            -46.2857666015625,
                            -348.1539306640625,
                            -359.8267822265625
                        ],
